(-1, 1, 0)
(0, -1, 0)
(1, -1, 0)
(3, -2, 1)
(3, -1, 0)
(3, 1, 0)
(3, 2, 0)
(-3, 2, 0)
(-3, 1, 0)
(4, -1, 1)
(1, -4, 1)
(5, -1, 0)
(5, 3, 1)
(-3, 5, 1)
(-5, 5, 1)
(3, -5, 1)
(7, -3, 1)
(7, -1, 0)
(7, 2, 1)
(7, 3, 1)
(7, 5, 1)
(-7, 5, 1)
(-7, 2, 1)
(3, -7, 1)
(-5, 8, 1)
(9, -5, 1)
(9, -4, 1)
(9, -1, 1)
(9, 7, 1)
(-9, 1, 1)
(1, -9, 1)
(10, 8, 2)
(-3, 10, 2)
(7, -10, 2)
(11, -7, 1)
(11, 2, 1)
(11, 3, 1)
(11, 6, 2)
(9, 11, 1)
(7, 11, 1)
(-11, 5, 1)
(-11, 2, 1)
(-11, 1, 1)
(12, 7, 2)
(5, -12, 2)
(13, -1, 0)
(13, 3, 1)
(13, 11, 1)
(-3, 13, 1)
(-5, 13, 1)
(-7, 13, 1)
(-13, 8, 1)
(-13, 5, 1)
(1, -13, 1)
(3, -13, 1)
(7, -13, 1)
(13, -13, 2)
(15, -11, 1)
(15, -2, 1)
(15, -1, 0)
(15, 5, 2)
(15, 7, 1)
(15, 11, 1)
(15, 13, 1)
(-15, 13, 1)
(-15, 1, 1)
(11, -15, 2)
(16, -1, 2)
(-9, 16, 1)
(10, -16, 2)
(17, -1, 0)
(17, 3, 1)
(17, 12, 2)
(17, 15, 2)
(11, 17, 1)
(-1, 17, 1)
(-3, 17, 1)
(-7, 17, 1)
(-9, 17, 1)
(-11, 17, 1)
(-15, 17, 1)
(-17, 17, 2)
(0, -17, 2)
(9, -17, 1)
(15, -17, 1)
(18, -8, 2)
(19, -18, 2)
(19, -10, 2)
(19, -7, 1)
(19, -1, 1)
(19, 2, 1)
(19, 3, 1)
(19, 11, 1)
(19, 17, 1)
(15, 19, 1)
(9, 19, 1)
(-19, 13, 2)
(-19, 2, 1)
(7, -19, 1)
(20, -1, 1)
(13, 20, 2)
(21, -13, 2)
(21, -5, 1)
(21, -1, 1)
(21, 11, 1)
(21, 19, 2)
(-21, 13, 1)
(-21, 8, 1)
(-21, 5, 1)
(5, -21, 2)
(7, -22, 2)
(15, -22, 2)
(23, -3, 1)
(23, -1, 1)
(23, 2, 1)
(23, 5, 1)
(19, 23, 1)
(17, 23, 1)
(12, 23, 2)
(11, 23, 1)
(-23, 17, 1)
(-23, 5, 1)
(-23, 2, 1)
(3, -23, 1)
(24, 7, 2)
(25, -9, 1)
(25, -4, 1)
(25, -1, 1)
(25, 3, 1)
(25, 23, 2)
(-9, 25, 1)
(-15, 25, 1)
(1, -25, 1)
(9, -25, 1)
(25, -25, 2)
(19, 26, 2)
(-11, 26, 2)
(-19, 26, 2)
(27, -23, 1)
(27, -10, 2)
(27, -7, 1)
(27, -1, 0)
(27, 1, 1)
(27, 7, 1)
(27, 11, 2)
(27, 14, 2)
(27, 17, 1)
(27, 22, 2)
(13, 27, 1)
(-27, 17, 1)
(-27, 5, 1)
(-27, 2, 2)
(28, 23, 2)
(13, -28, 2)
(29, 3, 1)
(29, 11, 1)
(15, 29, 1)
(-5, 29, 2)
(-11, 29, 1)
(-13, 29, 1)
(-15, 29, 1)
(-29, 13, 2)
(-29, 8, 1)
(-29, 5, 1)
(3, -29, 1)
(9, -29, 1)
(21, -29, 1)
(31, -19, 2)
(31, -13, 1)
(31, -1, 1)
(31, 2, 1)
(31, 5, 1)
(31, 6, 2)
(31, 21, 2)
(31, 26, 2)
(31, 29, 2)
(21, 31, 1)
(15, 31, 1)
(-31, 2, 1)
(19, -31, 2)
(27, -31, 1)
(-1, 32, 1)
(-9, 32, 1)
(-17, 32, 2)
(18, -32, 2)
(33, -17, 2)
(33, -5, 1)
(33, -1, 0)
(33, 7, 1)
(33, 19, 1)
(33, 23, 1)
(33, 31, 2)
(-33, 32, 1)
(-33, 17, 1)
(17, -33, 2)
(34, 32, 2)
(27, 34, 2)
(-3, 34, 2)
(-15, 34, 2)
(31, -34, 2)
(35, -6, 2)
(35, -1, 0)
(35, 3, 1)
(35, 33, 2)
(13, 35, 2)
(-35, 29, 1)
(-35, 2, 1)
(36, 31, 2)
(25, -36, 2)
(37, -1, 0)
(37, 11, 2)
(37, 20, 2)
(37, 23, 1)
(37, 27, 2)
(37, 35, 2)
(-3, 37, 1)
(-13, 37, 2)
(-21, 37, 1)
(-23, 37, 2)
(-27, 37, 2)
(-37, 37, 3)
(1, -37, 1)
(5, -37, 1)
(7, -37, 1)
(13, -37, 1)
(15, -37, 1)
(25, -37, 1)
(35, -37, 1)
(37, -37, 2)
(15, 38, 2)
(27, -38, 2)
(39, -29, 1)
(39, -19, 1)
(39, -11, 2)
(39, 2, 2)
(39, 7, 1)
(39, 13, 2)
(39, 22, 2)
(39, 29, 2)
(39, 37, 1)
(-39, 29, 2)
(11, -39, 2)
(35, -39, 2)
(40, 23, 3)
(-21, 40, 2)
(41, -1, 1)
(41, 3, 1)
(41, 11, 1)
(41, 15, 2)
(27, 41, 2)
(19, 41, 1)
(-1, 41, 1)
(-9, 41, 1)
(-11, 41, 1)
(-15, 41, 1)
(-17, 41, 1)
(-19, 41, 1)
(-35, 41, 1)
(-41, 41, 2)
(-41, 32, 1)
(-41, 17, 1)
(15, -41, 1)
(24, -41, 3)
(42, -16, 2)
(42, 8, 2)
(43, -37, 1)
(43, -13, 1)
(43, -7, 1)
(43, -1, 1)
(43, 15, 2)
(43, 17, 2)
(43, 35, 2)
(43, 38, 2)
(43, 41, 2)
(27, 43, 1)
(21, 43, 1)
(15, 43, 1)
(-43, 13, 2)
(7, -43, 2)
(23, -43, 1)
(39, -43, 1)
(25, 44, 2)
(21, -44, 2)
(45, -37, 2)
(45, -29, 1)
(45, -5, 2)
(45, -1, 0)
(45, 19, 1)
(45, 23, 1)
(45, 43, 2)
(-45, 29, 2)
(-45, 13, 1)
(-45, 8, 1)
(-45, 5, 2)
(13, -45, 2)
(37, -45, 2)
(15, -46, 2)
(47, -33, 2)
(47, -19, 2)
(47, -3, 1)
(47, -1, 0)
(47, 3, 1)
(47, 30, 3)
(37, 47, 1)
(36, 47, 2)
(33, 47, 2)
(19, 47, 1)
(17, 47, 1)
(16, 47, 2)
(15, 47, 1)
(-47, 17, 1)
(-47, 5, 2)
(-47, 2, 2)
(3, -47, 1)
(48, -17, 2)
(49, -25, 2)
(49, -9, 1)
(49, -4, 1)
(49, -1, 2)
(49, 11, 1)
(49, 23, 1)
(49, 47, 1)
(-49, 1, 2)
(1, -49, 1)
(4, -49, 2)
(9, -49, 1)
(16, -49, 2)
(25, -49, 1)
(36, -49, 2)
(-11, 50, 2)
(-39, 50, 2)
(51, -37, 1)
(51, -23, 1)
(51, -22, 2)
(51, -2, 1)
(51, -1, 1)
(51, 11, 1)
(51, 17, 2)
(51, 25, 2)
(51, 31, 1)
(51, 41, 1)
(19, 51, 2)
(-51, 17, 2)
(-51, 5, 2)
(-51, 2, 1)
(23, -51, 2)
(52, 47, 3)
(53, -13, 1)
(53, -1, 1)
(53, 3, 1)
(47, 53, 1)
(23, 53, 1)
(15, 53, 1)
(-5, 53, 2)
(-11, 53, 2)
(-13, 53, 1)
(-15, 53, 1)
(-21, 53, 1)
(-23, 53, 1)
(-29, 53, 2)
(-35, 53, 1)
(-53, 29, 1)
(-53, 13, 2)
(-53, 8, 1)
(-53, 5, 1)
(3, -53, 2)
(21, -53, 1)
(33, -53, 1)
(55, -27, 2)
(55, -21, 2)
(55, -3, 1)
(55, -1, 1)
(55, 5, 2)
(55, 14, 2)
(55, 29, 1)
(55, 53, 2)
(27, 55, 2)
(3, -55, 2)
(43, -55, 2)
(56, 23, 2)
(34, 56, 3)
(57, -41, 1)
(57, -13, 1)
(57, -1, 0)
(57, 7, 1)
(57, 31, 1)
(57, 43, 2)
(57, 47, 1)
(-57, 41, 2)
(-57, 32, 1)
(-57, 17, 1)
(13, -57, 2)
(23, -57, 2)
(25, -57, 2)
(35, -57, 2)
(58, -16, 2)
(-3, 58, 2)
(-15, 58, 2)
(3, -58, 2)
(7, -58, 2)
(31, -58, 2)
(43, -58, 2)
(59, -39, 2)
(59, -34, 2)
(59, -13, 1)
(59, 6, 2)
(59, 57, 2)
(55, 59, 1)
(49, 59, 2)
(45, 59, 1)
(43, 59, 1)
(39, 59, 2)
(25, 59, 1)
(21, 59, 2)
(-59, 41, 2)
(-59, 29, 2)
(-59, 17, 1)
(60, -41, 2)
(60, 23, 2)
(53, -60, 3)
(61, -37, 2)
(61, 3, 1)
(61, 11, 1)
(61, 35, 2)
(61, 51, 2)
(61, 59, 3)
(39, 61, 1)
(-11, 61, 2)
(-13, 61, 2)
(-15, 61, 1)
(-21, 61, 1)
(-39, 61, 1)
(-61, 61, 3)
(5, -61, 1)
(21, -61, 2)
(31, -61, 2)
(35, -61, 2)
(37, -61, 1)
(39, -61, 2)
(45, -61, 1)
(61, -61, 3)
(23, 62, 2)
(3, -62, 2)
(63, -53, 2)
(63, -43, 2)
(63, -19, 2)
(63, -11, 1)
(63, -5, 1)
(63, -2, 2)
(63, -1, 1)
(63, 2, 2)
(63, 10, 2)
(63, 11, 2)
(63, 13, 1)
(63, 23, 1)
(63, 37, 1)
(25, 63, 2)
(-63, 17, 2)
(19, -63, 2)
(64, -49, 3)
(64, 47, 2)
(34, -64, 2)
(65, -57, 3)
(65, -1, 0)
(65, 23, 1)
(65, 39, 3)
(19, 65, 2)
(-3, 65, 2)
(-7, 65, 2)
(-9, 65, 2)
(-11, 65, 2)
(-17, 65, 2)
(-23, 65, 2)
(-33, 65, 2)
(-47, 65, 2)
(-51, 65, 2)
(-63, 65, 2)
(51, -65, 2)
(35, -66, 3)
(67, -37, 1)
(67, -15, 2)
(67, -7, 1)
(67, -1, 0)
(67, 2, 1)
(67, 17, 1)
(67, 23, 1)
(67, 27, 2)
(67, 38, 2)
(67, 41, 2)
(67, 62, 2)
(67, 65, 2)
(63, 67, 1)
(51, 67, 1)
(33, 67, 1)
(27, 67, 1)
(21, 67, 1)
(7, -67, 1)
(15, -67, 2)
(55, -67, 2)
(68, 47, 2)
(69, -53, 1)
(69, -37, 1)
(69, -29, 1)
(69, -13, 1)
(69, -1, 1)
(69, 7, 1)
(69, 11, 2)
(69, 19, 2)
(69, 31, 1)
(69, 35, 2)
(69, 43, 2)
(69, 67, 1)
(55, 69, 2)
(-69, 61, 1)
(29, -69, 2)
(71, -67, 1)
(71, 21, 2)
(57, 71, 2)
(49, 71, 2)
(43, 71, 2)
(31, 71, 1)
(28, 71, 2)
(24, 71, 2)
(21, 71, 1)
(17, 71, 1)
(-71, 41, 1)
(-71, 26, 2)
(27, -71, 1)
(51, -71, 2)
(72, 7, 2)
(73, -37, 1)
(73, -13, 1)
(73, -1, 0)
(73, 23, 1)
(73, 47, 2)
(73, 71, 2)
(51, 73, 1)
(-3, 73, 1)
(-9, 73, 1)
(-15, 73, 1)
(-17, 73, 1)
(-19, 73, 2)
(-31, 73, 2)
(-33, 73, 1)
(-41, 73, 2)
(-55, 73, 2)
(-73, 17, 1)
(1, -73, 1)
(8, -73, 2)
(9, -73, 1)
(12, -73, 2)
(13, -73, 1)
(19, -73, 1)
(28, -73, 2)
(33, -73, 1)
(41, -73, 1)
(49, -73, 1)
(57, -73, 1)
(63, -73, 1)
(72, -73, 2)
(55, 74, 2)
(-15, 74, 2)
(-23, 74, 2)
(-35, 74, 2)
(-63, 74, 2)
(75, -47, 1)
(75, -31, 1)
(75, -26, 3)
(75, -25, 2)
(75, -17, 1)
(75, -7, 1)
(75, -5, 2)
(75, 58, 2)
(75, 59, 2)
(75, 73, 1)
(75, 74, 2)
(29, 75, 2)
(-75, 73, 1)
(-75, 58, 2)
(-75, 13, 1)
(76, 71, 2)
(45, -76, 3)
(77, -13, 1)
(77, 3, 2)
(77, 15, 2)
(31, 77, 2)
(-77, 53, 1)
(-77, 29, 1)
(-77, 8, 1)
(-77, 5, 2)
(45, -77, 2)
(79, -61, 2)
(79, -19, 1)
(79, -1, 1)
(79, 5, 1)
(79, 11, 1)
(79, 47, 1)
(79, 53, 1)
(75, 79, 1)
(39, 79, 2)
(33, 79, 1)
(-79, 17, 1)
(-79, 5, 1)
(3, -79, 2)
(19, -79, 1)
(43, -79, 2)
(51, -79, 1)
(59, -79, 1)
(-9, 80, 2)
(-17, 80, 2)
(-33, 80, 2)
(-41, 80, 2)
(81, -61, 2)
(81, -53, 2)
(81, -49, 2)
(81, -25, 1)
(81, -4, 1)
(81, -1, 2)
(81, 19, 2)
(81, 23, 1)
(81, 31, 2)
(81, 47, 1)
(81, 71, 1)
(81, 79, 2)
(19, 81, 1)
(-81, 16, 2)
