(-1, 1, 0)	(0, 3, '0')
(0, -1, 0)	(-1, 0, 'Z2 x Z2')
(1, -1, 0)	(-2, 1, 'Z4')
(3, -2, 1)	(-11, -12, '0')
(3, -1, 0)	(-10, -15, '0')
(3, 1, 0)	(-8, -21, '0')
(3, 2, 0)	(-7, -24, '0')
(-3, 2, 0)	(-7, 42, '0')
(-3, 1, 0)	(-8, 39, '0')
(4, -1, 1)	(-17, -44, '0')
(1, -4, 1)	(-5, 4, 'Z2')
(5, -1, 0)	(-26, -95, '0')
(5, 3, 1)	(-22, -115, '0')
(-3, 5, 1)	(-4, 51, '0')
(-5, 5, 1)	(-20, 175, '0')
(3, -5, 1)	(-14, -3, '0')
(7, -3, 1)	(-52, -273, '0')
(7, -1, 0)	(-50, -287, '0')
(7, 2, 1)	(-47, -308, '0')
(7, 3, 1)	(-46, -315, 'Z2')
(7, 5, 1)	(-44, -329, '0')
(-7, 5, 1)	(-44, 427, '0')
(-7, 2, 1)	(-47, 406, '0')
(3, -7, 1)	(-16, 3, '0')
(-5, 8, 1)	(-17, 190, '0')
(9, -5, 1)	(-86, -603, '0')
(9, -4, 1)	(-85, -612, '0')
(9, -1, 1)	(-82, -639, '0')
(9, 7, 1)	(-74, -711, '0')
(-9, 1, 1)	(-80, 819, '0')
(1, -9, 1)	(-10, 9, 'Z2')
(10, 8, 2)	(-92, -980, '0')
(-3, 10, 2)	(1, 66, '0')
(7, -10, 2)	(-59, -224, '0')
(11, -7, 1)	(-128, -1133, '0')
(11, 2, 1)	(-119, -1232, '0')
(11, 3, 1)	(-118, -1243, '0')
(11, 6, 2)	(-115, -1276, '0')
(9, 11, 1)	(-70, -747, '0')
(7, 11, 1)	(-38, -371, '0')
(-11, 5, 1)	(-116, 1507, '0')
(-11, 2, 1)	(-119, 1474, '0')
(-11, 1, 1)	(-120, 1463, '0')
(12, 7, 2)	(-137, -1668, '0')
(5, -12, 2)	(-37, -40, '0')
(13, -1, 0)	(-170, -2015, '0')
(13, 3, 1)	(-166, -2067, '0')
(13, 11, 1)	(-158, -2171, '0')
(-3, 13, 1)	(4, 75, '0')
(-5, 13, 1)	(-12, 215, '0')
(-7, 13, 1)	(-36, 483, '0')
(-13, 8, 1)	(-161, 2470, '0')
(-13, 5, 1)	(-164, 2431, '0')
(1, -13, 1)	(-14, 13, 'Z2')
(3, -13, 1)	(-22, 21, 'Z2')
(7, -13, 1)	(-62, -203, '0')
(13, -13, 2)	(-182, -1859, '0')
(15, -11, 1)	(-236, -2985, '0')
(15, -2, 1)	(-227, -3120, '0')
(15, -1, 0)	(-226, -3135, '0')
(15, 5, 2)	(-220, -3225, '0')
(15, 7, 1)	(-218, -3255, '0')
(15, 11, 1)	(-214, -3315, '0')
(15, 13, 1)	(-212, -3345, '0')
(-15, 13, 1)	(-212, 3795, '0')
(-15, 1, 1)	(-224, 3615, '0')
(11, -15, 2)	(-136, -1045, '0')
(16, -1, 2)	(-257, -3824, '0')
(-9, 16, 1)	(-65, 954, '0')
(10, -16, 2)	(-116, -740, '0')
(17, -1, 0)	(-290, -4607, '0')
(17, 3, 1)	(-286, -4675, '0')
(17, 12, 2)	(-277, -4828, '0')
(17, 15, 2)	(-274, -4879, '0')
(11, 17, 1)	(-104, -1397, '0')
(-1, 17, 1)	(16, 19, '0')
(-3, 17, 1)	(8, 87, '0')
(-7, 17, 1)	(-32, 511, '0')
(-9, 17, 1)	(-64, 963, '0')
(-11, 17, 1)	(-104, 1639, '0')
(-15, 17, 1)	(-208, 3855, '0')
(-17, 17, 2)	(-272, 5491, '0')
(0, -17, 2)	(-17, 0, 'Z2')
(9, -17, 1)	(-98, -495, '0')
(15, -17, 1)	(-242, -2895, '0')
(18, -8, 2)	(-332, -5364, '0')
(19, -18, 2)	(-379, -6156, '0')
(19, -10, 2)	(-371, -6308, '0')
(19, -7, 1)	(-368, -6365, '0')
(19, -1, 1)	(-362, -6479, '0')
(19, 2, 1)	(-359, -6536, '0')
(19, 3, 1)	(-358, -6555, '0')
(19, 11, 1)	(-350, -6707, '0')
(19, 17, 1)	(-344, -6821, '0')
(15, 19, 1)	(-206, -3435, '0')
(9, 19, 1)	(-62, -819, '0')
(-19, 13, 2)	(-348, 7467, '0')
(-19, 2, 1)	(-359, 7258, '0')
(7, -19, 1)	(-68, -161, '0')
(20, -1, 1)	(-401, -7580, '0')
(13, 20, 2)	(-149, -2288, '0')
(21, -13, 2)	(-454, -8547, '0')
(21, -5, 1)	(-446, -8715, '0')
(21, -1, 1)	(-442, -8799, '0')
(21, 11, 1)	(-430, -9051, '0')
(21, 19, 2)	(-422, -9219, '0')
(-21, 13, 1)	(-428, 9975, '0')
(-21, 8, 1)	(-433, 9870, '0')
(-21, 5, 1)	(-436, 9807, '0')
(5, -21, 2)	(-46, 5, '0')
(7, -22, 2)	(-71, -140, '0')
(15, -22, 2)	(-247, -2820, '0')
(23, -3, 1)	(-532, -11569, '0')
(23, -1, 1)	(-530, -11615, '0')
(23, 2, 1)	(-527, -11684, '0')
(23, 5, 1)	(-524, -11753, '0')
(19, 23, 1)	(-338, -6935, '0')
(17, 23, 1)	(-266, -5015, '0')
(12, 23, 2)	(-121, -1860, '0')
(11, 23, 1)	(-98, -1463, '0')
(-23, 17, 1)	(-512, 13087, '0')
(-23, 5, 1)	(-524, 12811, '0')
(-23, 2, 1)	(-527, 12742, '0')
(3, -23, 1)	(-32, 51, '0')
(24, 7, 2)	(-569, -13416, '0')
(25, -9, 1)	(-634, -14775, '0')
(25, -4, 1)	(-629, -14900, '0')
(25, -1, 1)	(-626, -14975, '0')
(25, 3, 1)	(-622, -15075, '0')
(25, 23, 2)	(-602, -15575, '0')
(-9, 25, 1)	(-56, 1035, '0')
(-15, 25, 1)	(-200, 3975, '0')
(1, -25, 1)	(-26, 25, 'Z2')
(9, -25, 1)	(-106, -423, '0')
(25, -25, 2)	(-650, -14375, '0')
(19, 26, 2)	(-335, -6992, '0')
(-11, 26, 2)	(-95, 1738, '0')
(-19, 26, 2)	(-335, 7714, '0')
(27, -23, 1)	(-752, -18333, '0')
(27, -10, 2)	(-739, -18684, '0')
(27, -7, 1)	(-736, -18765, '0')
(27, -1, 0)	(-730, -18927, '0')
(27, 1, 1)	(-728, -18981, '0')
(27, 7, 1)	(-722, -19143, '0')
(27, 11, 2)	(-718, -19251, '0')
(27, 14, 2)	(-715, -19332, '0')
(27, 17, 1)	(-712, -19413, '0')
(27, 22, 2)	(-707, -19548, '0')
(13, 27, 1)	(-142, -2379, '0')
(-27, 17, 1)	(-712, 20871, '0')
(-27, 5, 1)	(-724, 20547, '0')
(-27, 2, 2)	(-727, 20466, '0')
(28, 23, 2)	(-761, -21812, '0')
(13, -28, 2)	(-197, -1664, '0')
(29, 3, 1)	(-838, -23635, '0')
(29, 11, 1)	(-830, -23867, '0')
(15, 29, 1)	(-196, -3585, '0')
(-5, 29, 2)	(4, 295, '0')
(-11, 29, 1)	(-92, 1771, '0')
(-13, 29, 1)	(-140, 2743, '0')
(-15, 29, 1)	(-196, 4035, '0')
(-29, 13, 2)	(-828, 25607, '0')
(-29, 8, 1)	(-833, 25462, '0')
(-29, 5, 1)	(-836, 25375, '0')
(3, -29, 1)	(-38, 69, '0')
(9, -29, 1)	(-110, -387, '0')
(21, -29, 1)	(-470, -8211, '0')
(31, -19, 2)	(-980, -28241, '0')
(31, -13, 1)	(-974, -28427, '0')
(31, -1, 1)	(-962, -28799, '0')
(31, 2, 1)	(-959, -28892, '0')
(31, 5, 1)	(-956, -28985, '0')
(31, 6, 2)	(-955, -29016, '0')
(31, 21, 2)	(-940, -29481, '0')
(31, 26, 2)	(-935, -29636, '0')
(31, 29, 2)	(-932, -29729, '0')
(21, 31, 1)	(-410, -9471, '0')
(15, 31, 1)	(-194, -3615, '0')
(-31, 2, 1)	(-959, 30814, '0')
(19, -31, 2)	(-392, -5909, '0')
(27, -31, 1)	(-760, -18117, '0')
(-1, 32, 1)	(31, 34, '0')
(-9, 32, 1)	(-49, 1098, '0')
(-17, 32, 2)	(-257, 5746, '0')
(18, -32, 2)	(-356, -4932, '0')
(33, -17, 2)	(-1106, -34287, '0')
(33, -5, 1)	(-1094, -34683, '0')
(33, -1, 0)	(-1090, -34815, '0')
(33, 7, 1)	(-1082, -35079, '0')
(33, 19, 1)	(-1070, -35475, '0')
(33, 23, 1)	(-1066, -35607, '0')
(33, 31, 2)	(-1058, -35871, '0')
(-33, 32, 1)	(-1057, 38082, '0')
(-33, 17, 1)	(-1072, 37587, '0')
(17, -33, 2)	(-322, -4063, '0')
(34, 32, 2)	(-1124, -39236, '0')
(27, 34, 2)	(-695, -19872, '0')
(-3, 34, 2)	(25, 138, '0')
(-15, 34, 2)	(-191, 4110, '0')
(31, -34, 2)	(-995, -27776, '0')
(35, -6, 2)	(-1231, -41440, '0')
(35, -1, 0)	(-1226, -41615, '0')
(35, 3, 1)	(-1222, -41755, '0')
(35, 33, 2)	(-1192, -42805, '0')
(13, 35, 2)	(-134, -2483, '0')
(-35, 29, 1)	(-1196, 45115, '0')
(-35, 2, 1)	(-1223, 44170, '0')
(36, 31, 2)	(-1265, -46476, '0')
(25, -36, 2)	(-661, -14100, '0')
(37, -1, 0)	(-1370, -49247, '0')
(37, 11, 2)	(-1358, -49691, '0')
(37, 20, 2)	(-1349, -50024, '0')
(37, 23, 1)	(-1346, -50135, '0')
(37, 27, 2)	(-1342, -50283, '0')
(37, 35, 2)	(-1334, -50579, '0')
(-3, 37, 1)	(28, 147, '0')
(-13, 37, 2)	(-132, 2847, '0')
(-21, 37, 1)	(-404, 10479, '0')
(-23, 37, 2)	(-492, 13547, '0')
(-27, 37, 2)	(-692, 21411, '0')
(-37, 37, 3)	(-1332, 53391, '0')
(1, -37, 1)	(-38, 37, 'Z2')
(5, -37, 1)	(-62, 85, '0')
(7, -37, 1)	(-86, -35, '0')
(13, -37, 1)	(-206, -1547, '0')
(15, -37, 1)	(-262, -2595, '0')
(25, -37, 1)	(-662, -14075, '0')
(35, -37, 1)	(-1262, -40355, '0')
(37, -37, 2)	(-1406, -47915, '0')
(15, 38, 2)	(-187, -3720, '0')
(27, -38, 2)	(-767, -17928, '0')
(39, -29, 1)	(-1550, -56667, '0')
(39, -19, 1)	(-1540, -57057, '0')
(39, -11, 2)	(-1532, -57369, '0')
(39, 2, 2)	(-1519, -57876, '0')
(39, 7, 1)	(-1514, -58071, '0')
(39, 13, 2)	(-1508, -58305, '0')
(39, 22, 2)	(-1499, -58656, '0')
(39, 29, 2)	(-1492, -58929, '0')
(39, 37, 1)	(-1484, -59241, '0')
(-39, 29, 2)	(-1492, 61971, '0')
(11, -39, 2)	(-160, -781, '0')
(35, -39, 2)	(-1264, -40285, '0')
(40, 23, 3)	(-1577, -63320, '0')
(-21, 40, 2)	(-401, 10542, '0')
(41, -1, 1)	(-1682, -67199, '0')
(41, 3, 1)	(-1678, -67363, '0')
(41, 11, 1)	(-1670, -67691, '0')
(41, 15, 2)	(-1666, -67855, '0')
(27, 41, 2)	(-688, -20061, '0')
(19, 41, 1)	(-320, -7277, '0')
(-1, 41, 1)	(40, 43, '0')
(-9, 41, 1)	(-40, 1179, '0')
(-11, 41, 1)	(-80, 1903, '0')
(-15, 41, 1)	(-184, 4215, '0')
(-17, 41, 1)	(-248, 5899, '0')
(-19, 41, 1)	(-320, 7999, '0')
(-35, 41, 1)	(-1184, 45535, '0')
(-41, 41, 2)	(-1640, 72283, '0')
(-41, 32, 1)	(-1649, 71914, '0')
(-41, 17, 1)	(-1664, 71299, '0')
(15, -41, 1)	(-266, -2535, '0')
(24, -41, 3)	(-617, -12264, '0')
(42, -16, 2)	(-1780, -71652, '0')
(42, 8, 2)	(-1756, -72660, '0')
(43, -37, 1)	(-1886, -76067, '0')
(43, -13, 1)	(-1862, -77099, '0')
(43, -7, 1)	(-1856, -77357, '0')
(43, -1, 1)	(-1850, -77615, '0')
(43, 15, 2)	(-1834, -78303, '0')
(43, 17, 2)	(-1832, -78389, '0')
(43, 35, 2)	(-1814, -79163, '0')
(43, 38, 2)	(-1811, -79292, '0')
(43, 41, 2)	(-1808, -79421, '0')
(27, 43, 1)	(-686, -20115, '0')
(21, 43, 1)	(-398, -9723, '0')
(15, 43, 1)	(-182, -3795, '0')
(-43, 13, 2)	(-1836, 81915, '0')
(7, -43, 2)	(-92, 7, '0')
(23, -43, 1)	(-572, -10649, '0')
(39, -43, 1)	(-1564, -56121, '0')
(25, 44, 2)	(-581, -16100, '0')
(21, -44, 2)	(-485, -7896, '0')
(45, -37, 2)	(-2062, -87435, '0')
(45, -29, 1)	(-2054, -87795, '0')
(45, -5, 2)	(-2030, -88875, '0')
(45, -1, 0)	(-2026, -89055, '0')
(45, 19, 1)	(-2006, -89955, '0')
(45, 23, 1)	(-2002, -90135, '0')
(45, 43, 2)	(-1982, -91035, '0')
(-45, 29, 2)	(-1996, 94455, '0')
(-45, 13, 1)	(-2012, 93735, '0')
(-45, 8, 1)	(-2017, 93510, '0')
(-45, 5, 2)	(-2020, 93375, '0')
(13, -45, 2)	(-214, -1443, '0')
(37, -45, 2)	(-1414, -47619, '0')
(15, -46, 2)	(-271, -2460, '0')
(47, -33, 2)	(-2242, -100063, '0')
(47, -19, 2)	(-2228, -100721, '0')
(47, -3, 1)	(-2212, -101473, '0')
(47, -1, 0)	(-2210, -101567, '0')
(47, 3, 1)	(-2206, -101755, '0')
(47, 30, 3)	(-2179, -103024, '0')
(37, 47, 1)	(-1322, -51023, '0')
(36, 47, 2)	(-1249, -47052, '0')
(33, 47, 2)	(-1042, -36399, '0')
(19, 47, 1)	(-314, -7391, '0')
(17, 47, 1)	(-242, -5423, '0')
(16, 47, 2)	(-209, -4592, '0')
(15, 47, 1)	(-178, -3855, '0')
(-47, 17, 1)	(-2192, 106831, '0')
(-47, 5, 2)	(-2204, 106267, '0')
(-47, 2, 2)	(-2207, 106126, '0')
(3, -47, 1)	(-56, 123, '0')
(48, -17, 2)	(-2321, -107472, '0')
(49, -25, 2)	(-2426, -114023, '0')
(49, -9, 1)	(-2410, -114807, '0')
(49, -4, 1)	(-2405, -115052, '0')
(49, -1, 2)	(-2402, -115199, '0')
(49, 11, 1)	(-2390, -115787, '0')
(49, 23, 1)	(-2378, -116375, '0')
(49, 47, 1)	(-2354, -117551, '0')
(-49, 1, 2)	(-2400, 120099, '0')
(1, -49, 1)	(-50, 49, 'Z2')
(4, -49, 2)	(-65, 148, '0')
(9, -49, 1)	(-130, -207, '0')
(16, -49, 2)	(-305, -3056, '0')
(25, -49, 1)	(-674, -13775, '0')
(36, -49, 2)	(-1345, -43596, '0')
(-11, 50, 2)	(-71, 2002, '0')
(-39, 50, 2)	(-1471, 62790, '0')
(51, -37, 1)	(-2638, -128163, '0')
(51, -23, 1)	(-2624, -128877, '0')
(51, -22, 2)	(-2623, -128928, '0')
(51, -2, 1)	(-2603, -129948, '0')
(51, -1, 1)	(-2602, -129999, '0')
(51, 11, 1)	(-2590, -130611, '0')
(51, 17, 2)	(-2584, -130917, '0')
(51, 25, 2)	(-2576, -131325, '0')
(51, 31, 1)	(-2570, -131631, '0')
(51, 41, 1)	(-2560, -132141, '0')
(19, 51, 2)	(-310, -7467, '0')
(-51, 17, 2)	(-2584, 136119, '0')
(-51, 5, 2)	(-2596, 135507, '0')
(-51, 2, 1)	(-2599, 135354, '0')
(23, -51, 2)	(-580, -10465, '0')
(52, 47, 3)	(-2657, -140348, '0')
(53, -13, 1)	(-2822, -145379, '0')
(53, -1, 1)	(-2810, -146015, '0')
(53, 3, 1)	(-2806, -146227, '0')
(47, 53, 1)	(-2156, -104105, '0')
(23, 53, 1)	(-476, -12857, '0')
(15, 53, 1)	(-172, -3945, '0')
(-5, 53, 2)	(28, 415, '0')
(-11, 53, 2)	(-68, 2035, '0')
(-13, 53, 1)	(-116, 3055, '0')
(-15, 53, 1)	(-172, 4395, '0')
(-21, 53, 1)	(-388, 10815, '0')
(-23, 53, 1)	(-476, 13915, '0')
(-29, 53, 2)	(-788, 26767, '0')
(-35, 53, 1)	(-1172, 45955, '0')
(-53, 29, 1)	(-2780, 153223, '0')
(-53, 13, 2)	(-2796, 152375, '0')
(-53, 8, 1)	(-2801, 152110, '0')
(-53, 5, 1)	(-2804, 151951, '0')
(3, -53, 2)	(-62, 141, '0')
(21, -53, 1)	(-494, -7707, '0')
(33, -53, 1)	(-1142, -33099, '0')
(55, -27, 2)	(-3052, -161865, '0')
(55, -21, 2)	(-3046, -162195, '0')
(55, -3, 1)	(-3028, -163185, '0')
(55, -1, 1)	(-3026, -163295, '0')
(55, 5, 2)	(-3020, -163625, '0')
(55, 14, 2)	(-3011, -164120, '0')
(55, 29, 1)	(-2996, -164945, '0')
(55, 53, 2)	(-2972, -166265, '0')
(27, 55, 2)	(-674, -20439, '0')
(3, -55, 2)	(-64, 147, '0')
(43, -55, 2)	(-1904, -75293, '0')
(56, 23, 2)	(-3113, -173768, '0')
(34, 56, 3)	(-1100, -40052, '0')
(57, -41, 1)	(-3290, -179607, '0')
(57, -13, 1)	(-3262, -181203, '0')
(57, -1, 0)	(-3250, -181887, '0')
(57, 7, 1)	(-3242, -182343, '0')
(57, 31, 1)	(-3218, -183711, '0')
(57, 43, 2)	(-3206, -184395, '0')
(57, 47, 1)	(-3202, -184623, '0')
(-57, 41, 2)	(-3208, 190779, '0')
(-57, 32, 1)	(-3217, 190266, '0')
(-57, 17, 1)	(-3232, 189411, '0')
(13, -57, 2)	(-226, -1287, '0')
(23, -57, 2)	(-586, -10327, '0')
(25, -57, 2)	(-682, -13575, '0')
(35, -57, 2)	(-1282, -39655, '0')
(58, -16, 2)	(-3380, -190820, '0')
(-3, 58, 2)	(49, 210, '0')
(-15, 58, 2)	(-167, 4470, '0')
(3, -58, 2)	(-67, 156, '0')
(7, -58, 2)	(-107, 112, '0')
(31, -58, 2)	(-1019, -27032, '0')
(43, -58, 2)	(-1907, -75164, '0')
(59, -39, 2)	(-3520, -199597, '0')
(59, -34, 2)	(-3515, -199892, '0')
(59, -13, 1)	(-3494, -201131, '0')
(59, 6, 2)	(-3475, -202252, '0')
(59, 57, 2)	(-3424, -205261, '0')
(55, 59, 1)	(-2966, -166595, '0')
(49, 59, 2)	(-2342, -118139, '0')
(45, 59, 1)	(-1966, -91755, '0')
(43, 59, 1)	(-1790, -80195, '0')
(39, 59, 2)	(-1462, -60099, '0')
(25, 59, 1)	(-566, -16475, '0')
(21, 59, 2)	(-382, -10059, '0')
(-59, 41, 2)	(-3440, 211279, '0')
(-59, 29, 2)	(-3452, 210571, '0')
(-59, 17, 1)	(-3464, 209863, '0')
(60, -41, 2)	(-3641, -209940, '0')
(60, 23, 2)	(-3577, -213780, '0')
(53, -60, 3)	(-2869, -142888, '0')
(61, -37, 2)	(-3758, -221003, '0')
(61, 3, 1)	(-3718, -223443, '0')
(61, 11, 1)	(-3710, -223931, '0')
(61, 35, 2)	(-3686, -225395, '0')
(61, 51, 2)	(-3670, -226371, '0')
(61, 59, 3)	(-3662, -226859, '0')
(39, 61, 1)	(-1460, -60177, '0')
(-11, 61, 2)	(-60, 2123, '0')
(-13, 61, 2)	(-108, 3159, '0')
(-15, 61, 1)	(-164, 4515, '0')
(-21, 61, 1)	(-380, 10983, '0')
(-39, 61, 1)	(-1460, 63219, '0')
(-61, 61, 3)	(-3660, 234423, '0')
(5, -61, 1)	(-86, 205, '0')
(21, -61, 2)	(-502, -7539, '0')
(31, -61, 2)	(-1022, -26939, '0')
(35, -61, 2)	(-1286, -39515, '0')
(37, -61, 1)	(-1430, -47027, '0')
(39, -61, 2)	(-1582, -55419, '0')
(45, -61, 1)	(-2086, -86355, '0')
(61, -61, 3)	(-3782, -219539, '0')
(23, 62, 2)	(-467, -13064, '0')
(3, -62, 2)	(-71, 168, '0')
(63, -53, 2)	(-4022, -242739, '0')
(63, -43, 2)	(-4012, -243369, '0')
(63, -19, 2)	(-3988, -244881, '0')
(63, -11, 1)	(-3980, -245385, '0')
(63, -5, 1)	(-3974, -245763, '0')
(63, -2, 2)	(-3971, -245952, '0')
(63, -1, 1)	(-3970, -246015, '0')
(63, 2, 2)	(-3967, -246204, '0')
(63, 10, 2)	(-3959, -246708, '0')
(63, 11, 2)	(-3958, -246771, '0')
(63, 13, 1)	(-3956, -246897, '0')
(63, 23, 1)	(-3946, -247527, '0')
(63, 37, 1)	(-3932, -248409, '0')
(25, 63, 2)	(-562, -16575, '0')
(-63, 17, 2)	(-3952, 255087, '0')
(19, -63, 2)	(-424, -5301, '0')
(64, -49, 3)	(-4145, -254912, '0')
(64, 47, 2)	(-4049, -261056, '0')
(34, -64, 2)	(-1220, -35972, '0')
(65, -57, 3)	(-4282, -266695, '0')
(65, -1, 0)	(-4226, -270335, '0')
(65, 23, 1)	(-4202, -271895, '0')
(65, 39, 3)	(-4186, -272935, '0')
(19, 65, 2)	(-296, -7733, '0')
(-3, 65, 2)	(56, 231, '0')
(-7, 65, 2)	(16, 847, '0')
(-9, 65, 2)	(-16, 1395, '0')
(-11, 65, 2)	(-56, 2167, '0')
(-17, 65, 2)	(-224, 6307, '0')
(-23, 65, 2)	(-464, 14191, '0')
(-33, 65, 2)	(-1024, 39171, '0')
(-47, 65, 2)	(-2144, 109087, '0')
(-51, 65, 2)	(-2536, 138567, '0')
(-63, 65, 2)	(-3904, 258111, '0')
(51, -65, 2)	(-2666, -126735, '0')
(35, -66, 3)	(-1291, -39340, '0')
(67, -37, 1)	(-4526, -293795, '0')
(67, -15, 2)	(-4504, -295269, '0')
(67, -7, 1)	(-4496, -295805, '0')
(67, -1, 0)	(-4490, -296207, '0')
(67, 2, 1)	(-4487, -296408, '0')
(67, 17, 1)	(-4472, -297413, '0')
(67, 23, 1)	(-4466, -297815, '0')
(67, 27, 2)	(-4462, -298083, '0')
(67, 38, 2)	(-4451, -298820, '0')
(67, 41, 2)	(-4448, -299021, '0')
(67, 62, 2)	(-4427, -300428, '0')
(67, 65, 2)	(-4424, -300629, '0')
(63, 67, 1)	(-3902, -250299, '0')
(51, 67, 1)	(-2534, -133467, '0')
(33, 67, 1)	(-1022, -37059, '0')
(27, 67, 1)	(-662, -20763, '0')
(21, 67, 1)	(-374, -10227, '0')
(7, -67, 1)	(-116, 175, '0')
(15, -67, 2)	(-292, -2145, '0')
(55, -67, 2)	(-3092, -159665, '0')
(68, 47, 2)	(-4577, -313004, '0')
(69, -53, 1)	(-4814, -320091, '0')
(69, -37, 1)	(-4798, -321195, '0')
(69, -29, 1)	(-4790, -321747, '0')
(69, -13, 1)	(-4774, -322851, '0')
(69, -1, 1)	(-4762, -323679, '0')
(69, 7, 1)	(-4754, -324231, '0')
(69, 11, 2)	(-4750, -324507, '0')
(69, 19, 2)	(-4742, -325059, '0')
(69, 31, 1)	(-4730, -325887, '0')
(69, 35, 2)	(-4726, -326163, '0')
(69, 43, 2)	(-4718, -326715, '0')
(69, 67, 1)	(-4694, -328371, '0')
(55, 69, 2)	(-2956, -167145, '0')
(-69, 61, 1)	(-4700, 337479, '0')
(29, -69, 2)	(-910, -21547, '0')
(71, -67, 1)	(-5108, -348113, '0')
(71, 21, 2)	(-5020, -354361, '0')
(57, 71, 2)	(-3178, -185991, '0')
(49, 71, 2)	(-2330, -118727, '0')
(43, 71, 2)	(-1778, -80711, '0')
(31, 71, 1)	(-890, -31031, '0')
(28, 71, 2)	(-713, -23156, '0')
(24, 71, 2)	(-505, -14952, '0')
(21, 71, 1)	(-370, -10311, '0')
(17, 71, 1)	(-218, -5831, '0')
(-71, 41, 1)	(-5000, 365863, '0')
(-71, 26, 2)	(-5015, 364798, '0')
(27, -71, 1)	(-800, -17037, '0')
(51, -71, 2)	(-2672, -126429, '0')
(72, 7, 2)	(-5177, -368568, '0')
(73, -37, 1)	(-5366, -380987, '0')
(73, -13, 1)	(-5342, -382739, '0')
(73, -1, 0)	(-5330, -383615, '0')
(73, 23, 1)	(-5306, -385367, '0')
(73, 47, 2)	(-5282, -387119, '0')
(73, 71, 2)	(-5258, -388871, '0')
(51, 73, 1)	(-2528, -133773, '0')
(-3, 73, 1)	(64, 255, '0')
(-9, 73, 1)	(-8, 1467, '0')
(-15, 73, 1)	(-152, 4695, '0')
(-17, 73, 1)	(-216, 6443, '0')
(-19, 73, 2)	(-288, 8607, '0')
(-31, 73, 2)	(-888, 33015, '0')
(-33, 73, 1)	(-1016, 39435, '0')
(-41, 73, 2)	(-1608, 73595, '0')
(-55, 73, 2)	(-2952, 173415, '0')
(-73, 17, 1)	(-5312, 395587, '0')
(1, -73, 1)	(-74, 73, 'Z2')
(8, -73, 2)	(-137, 136, 'Z2')
(9, -73, 1)	(-154, 9, '0')
(12, -73, 2)	(-217, -708, '0')
(13, -73, 1)	(-242, -1079, '0')
(19, -73, 1)	(-434, -5111, '0')
(28, -73, 2)	(-857, -19124, '0')
(33, -73, 1)	(-1162, -32439, '0')
(41, -73, 1)	(-1754, -64247, '0')
(49, -73, 1)	(-2474, -111671, '0')
(57, -73, 1)	(-3322, -177783, '0')
(63, -73, 1)	(-4042, -241479, '0')
(72, -73, 2)	(-5257, -362808, '0')
(55, 74, 2)	(-2951, -167420, '0')
(-15, 74, 2)	(-151, 4710, '0')
(-23, 74, 2)	(-455, 14398, '0')
(-35, 74, 2)	(-1151, 46690, '0')
(-63, 74, 2)	(-3895, 258678, '0')
(75, -47, 1)	(-5672, -412725, '0')
(75, -31, 1)	(-5656, -413925, '0')
(75, -26, 3)	(-5651, -414300, '0')
(75, -25, 2)	(-5650, -414375, '0')
(75, -17, 1)	(-5642, -414975, '0')
(75, -7, 1)	(-5632, -415725, '0')
(75, -5, 2)	(-5630, -415875, '0')
(75, 58, 2)	(-5567, -420600, '0')
(75, 59, 2)	(-5566, -420675, '0')
(75, 73, 1)	(-5552, -421725, '0')
(75, 74, 2)	(-5551, -421800, '0')
(29, 75, 2)	(-766, -25723, '0')
(-75, 73, 1)	(-5552, 432975, '0')
(-75, 58, 2)	(-5567, 431850, '0')
(-75, 13, 1)	(-5612, 428475, '0')
(76, 71, 2)	(-5705, -438596, '0')
(45, -76, 3)	(-2101, -85680, '0')
(77, -13, 1)	(-5942, -449603, '0')
(77, 3, 2)	(-5926, -450835, '0')
(77, 15, 2)	(-5914, -451759, '0')
(31, 77, 2)	(-884, -31217, '0')
(-77, 53, 1)	(-5876, 466543, '0')
(-77, 29, 1)	(-5900, 464695, '0')
(-77, 8, 1)	(-5921, 463078, '0')
(-77, 5, 2)	(-5924, 462847, '0')
(45, -77, 2)	(-2102, -85635, '0')
(79, -61, 2)	(-6302, -481979, '0')
(79, -19, 1)	(-6260, -485297, '0')
(79, -1, 1)	(-6242, -486719, '0')
(79, 5, 1)	(-6236, -487193, '0')
(79, 11, 1)	(-6230, -487667, '0')
(79, 47, 1)	(-6194, -490511, '0')
(79, 53, 1)	(-6188, -490985, '0')
(75, 79, 1)	(-5546, -422175, '0')
(39, 79, 2)	(-1442, -60879, '0')
(33, 79, 1)	(-1010, -37455, '0')
(-79, 17, 1)	(-6224, 500623, '0')
(-79, 5, 1)	(-6236, 499675, '0')
(3, -79, 2)	(-88, 219, '0')
(19, -79, 1)	(-440, -4997, '0')
(43, -79, 2)	(-1928, -74261, '0')
(51, -79, 1)	(-2680, -126021, '0')
(59, -79, 1)	(-3560, -197237, '0')
(-9, 80, 2)	(-1, 1530, '0')
(-17, 80, 2)	(-209, 6562, '0')
(-33, 80, 2)	(-1009, 39666, '0')
(-41, 80, 2)	(-1601, 73882, '0')
(81, -61, 2)	(-6622, -519939, '0')
(81, -53, 2)	(-6614, -520587, '0')
(81, -49, 2)	(-6610, -520911, '0')
(81, -25, 1)	(-6586, -522855, '0')
(81, -4, 1)	(-6565, -524556, '0')
(81, -1, 2)	(-6562, -524799, '0')
(81, 19, 2)	(-6542, -526419, '0')
(81, 23, 1)	(-6538, -526743, '0')
(81, 31, 2)	(-6530, -527391, '0')
(81, 47, 1)	(-6514, -528687, '0')
(81, 71, 1)	(-6490, -530631, '0')
(81, 79, 2)	(-6482, -531279, '0')
(19, 81, 1)	(-280, -8037, '0')
(-81, 16, 2)	(-6545, 539298, '0')
